41 0.539062 0.206055 0.0390625 0.0722656
41 0.592773 0.0224609 0.0292969 0.0214844
41 0.972656 0.226562 0.0507812 0.03125
41 0.567383 0.207031 0.0332031 0.0703125
39 0.680664 0.307617 0.0332031 0.0644531
58 0.545898 0.50293 0.0800781 0.134766
41 0.943359 0.314453 0.0351562 0.0585938
41 0.980469 0.316406 0.0390625 0.0507812
58 0.742188 0.516602 0.0742188 0.0996094
41 0.871094 0.314453 0.0351562 0.0585938
41 0.558594 0.321289 0.03125 0.0488281
41 0.110352 0.105469 0.0449219 0.0546875
41 0.71582 0.306641 0.0449219 0.0703125
41 0.513672 0.319336 0.0234375 0.0488281
41 0.904297 0.317383 0.0351562 0.0527344
41 0.243164 0.105469 0.0449219 0.0546875
72 0.197266 0.560547 0.289062 0.714844
